1 1 
6 100000 1 0 1 
32 32 256 1 1.0 1.0 0.1 
45 0 0 1 
100000 
 0.000000000000000e+00 
-1.956943332791912e-06 
 0.000000000000000e+00  2.609260000000000e+01  3.000000000000000e-07 1 1 0 0 
 0.000000000000000e+00  2.609260000000000e+01  3.000000000000000e-07 1 1 0 0 
 0.000000000000000e+00  4.125296124941928e+01  1.650118449976771e-04 1 1 0 0 
 0.000000000000000e+00  9.948899900000000e+07  5.110010000000001e+05 -1.0  4.771345159236942e+07 0.0 
!==========lattice=========== 
0.200000 1 1 4 1.105843492438955e-01 0 25 1.0 0.000000000000000e+00 1.105843492438955e-01 0 0 0 / 
2.500000 1 1 0 1.0 -1 / 
0.200000 1 1 4 -1.105843492438955e-01 0 25 1.0 -1.105843492438955e-01 0.000000000000000e+00 0 0 0 / 
0.650000 1 1 0 1.0 -1 / 
0.200000 1 1 1 0.000000000000000e+00 -5 1.0 0 0 0 0 0 / 
0.650000 1 1 0 1.0 -1 / 
0.200000 1 1 4 -1.105843492438955e-01 0 25 1.0 0.000000000000000e+00 -1.105843492438955e-01 0 0 0 / 
2.500000 1 1 0 1.0 -1 / 
0.200000 1 1 4 1.105843492438955e-01 0 25 1.0 1.105843492438955e-01 0.000000000000000e+00 0 0 0 / 
